10.	7.921451937534562e-15
10.087462498468609	4.0898952695685925e-14
10.175689965801054	2.7208401062935018e-15
10.264689092606146	5.172567794755845e-14
10.354466628010426	2.9442508813182536e-14
10.445029380169988	7.253924265210988e-14
10.536384216786757	9.285187276792956e-15
10.628538065629296	1.5357340232266474e-14
10.72149791505816	4.666012129035337e-14
10.815270814555857	2.2604154926191456e-14
10.909863875261426	4.3462458795594916e-14
11.005284270509703	1.4213996828330554e-14
11.101539236375311	4.7220316150456565e-15
11.198636072221378	4.077258307756044e-16
11.296582141253094	1.923819086244863e-15
11.395384871076079	2.268651156329039e-16
11.49505175425965	6.323394025257768e-15
11.595590348905	3.8061954705123894e-14
11.697008279218373	6.593328925632872e-14
11.799313236089217	1.3429942426463919e-14
11.902512977673425	6.380434678390068e-16
12.00661532998166	1.1687809108051698e-14
12.111628187472832	8.0735368158265665e-16
12.217559513652752	9.400388875191805e-15
12.32441734167805	5.747691045691288e-15
12.43220977496535	1.0612684648263938e-14
12.540944987805783	1.169669572015598e-14
12.65063122598487	9.814796389829238e-16
12.761276807407834	1.0729503542273682e-14
12.872890122730373	1.1515152573128311e-14
12.985479635994961	8.199837079275747e-16
13.099053885272697	2.459093841659499e-14
13.213621483310785	3.9500929310262754e-15
13.32919111818567	6.097020628451661e-14
13.44577155396188	1.7754488301913795e-14
13.563371631356647	1.6121417496374716e-14
13.682000268410317	1.7718728967537365e-14
13.80166646116265	6.617399818625897e-16
13.922379284335019	8.522460087433231e-15
14.044147892018572	2.4917798648280775e-14
14.16698151836843	1.2097707232974223e-14
14.29088947830394	4.967508530927027e-14
14.415881168215064	5.096830261685309e-15
14.541966066674929	3.86323148333288e-14
14.66915373515864	5.2788678639298185e-14
14.79745381876835	5.906797199836657e-16
14.926876046964683	1.6586735830329847e-15
15.057430234304558	8.143731248429314e-15
15.189126281185462	7.218252300765429e-15
15.321974174596233	2.8846132773057895e-14
15.455983988874403	2.6154097857656223e-14
15.591165886470177	7.173920947717042e-14
15.727530118717102	2.212863018391243e-14
15.86508702660943	2.0439387515134154e-14
16.003847041586347	1.0588138707938251e-18
16.143820686323004	3.2964264406964656e-15
16.285018575528508	2.1954670022166186e-14
16.42745141675085	2.9326050728461867e-15
16.571130011188924	1.9294063032942657e-14
16.716065254511594	8.057527449650356e-15
16.862268137683984	3.656895063688318e-15
17.009749747800928	2.6966574199907535e-14
17.158521268927775	4.3163061933769862e-16
17.30859398294849	3.0334922955074024e-16
17.459979270421233	6.758505728254625e-15
17.612688611441346	4.683310134240746e-14
17.766733586511975	1.8181841268193814e-15
17.922125877422225	1.1926397858916041e-14
18.07887726813305	5.178623993866652e-16
18.236999645670874	8.27174203287867e-14
18.396505001029023	4.163310670197118e-14
18.557405430077047	6.055083748779847e-16
18.719713134477995	5.1498492187857886e-14
18.883440422613702	1.3581960994314794e-14
19.048599710518197	4.934639304483017e-15
19.21520352281923	5.760241157635733e-17
19.383264493688085	6.793373560939071e-15
19.552795367797668	4.77116327612696e-14
19.723809001288974	1.0009372572303716e-13
19.896318362746005	3.85594011347084e-15
20.070336534179273	9.17693751854363e-14
20.245876712017782	3.150135430858796e-15
20.42295220810983	1.8102556000374058e-15
20.601576450732463	7.800561106447668e-14
20.781762985609774	5.839776085201221e-14
20.96352547694016	1.6619109094854098e-14
21.14687770843251	1.3575980862887255e-14
21.33183358435147	2.8316626508498575e-15
21.51840713057187	9.456796468136447e-16
21.706612495642325	4.020798346667793e-15
21.896463951858202	1.2583857314246896e-15
22.087975896343938	1.239063021963891e-15
22.281162852144803	1.401613951433157e-15
22.476039469328256	5.674838481581697e-15
22.672620526094907	5.2529883464423695e-14
22.870920929899196	1.3640427668412185e-13
23.070955718579896	1.338593526993813e-14
23.272740061500457	1.2017978617460372e-15
23.476289260699392	1.7453903666311413e-14
23.681618752050646	4.947721620891116e-16
23.88874410643419	2.2223632627317286e-14
24.097681030916785	7.27901017180796e-14
24.30844536994314	3.691766711029305e-15
24.52105310653743	6.704394805706579e-15
24.735520363515352	8.234637337989091e-14
24.951863404706774	3.411102414318729e-17
25.17009863618908	4.463236177251982e-15
25.390242607531324	5.576302915258986e-14
25.612312013049205	3.007990934381142e-16
25.83632369307109	1.0229393030284594e-15
26.06229463521506	4.287889301239986e-16
26.290241975677155	2.5846662441730696e-16
26.520183000530857	9.4188505580807e-16
26.75213514703797	1.8976206782290697e-15
26.986116004970953	8.496018167937994e-15
27.2221433179468	3.186353467924959e-14
27.46023498477262	1.53212427796512e-15
27.700409060802947	4.489440414561928e-15
27.94268375930898	9.457279139776015e-15
28.187077452859715	7.51901018037964e-14
28.433608674715245	3.2325673103922184e-16
28.682296120232177	1.3392464276035718e-14
28.933158648281374	1.7294097572333957e-15
29.186215282678106	4.3144297328958225e-14
29.44148521362468	1.3928068032330917e-13
29.698987799165696	2.737400486522048e-14
29.95874256665607	1.2068059203832355e-15
30.220769214241834	5.4984388680123084e-15
30.485087612353915	1.8692853045571883e-14
30.75171780521501	7.221599797996278e-15
31.020680012359577	1.9602444027542228e-14
31.29199463016719	1.176777191408151e-17
31.565682233409262	8.877899799087492e-15
31.841763576809278	1.4469417960276735e-13
32.120259596616734	5.065822117808948e-15
32.40119141219477	3.211658845533895e-14
32.68458032762179	4.046526336263144e-14
32.97044783330696	2.731531757984739e-16
33.25881560761995	4.3622758689239814e-15
33.54970551853488	7.464193168552897e-14
33.84313962528859	4.805824513676669e-16
34.13914018005356	2.2101232426685673e-15
34.43772962962531	3.748474309217567e-14
34.73893061712466	6.543303856193478e-18
35.0427659837148	5.11927568170625e-14
35.34925877033345	2.116973226261332e-14
35.658432219440115	6.493240262054975e-14
35.97030977677869	3.3694496397610874e-16
36.284915093155384	1.136906936446576e-13
36.60227202623226	8.765030963277588e-16
36.92240464233645	9.040877134673686e-14
37.245337218285215	1.112877934165115e-16
37.57109424322693	4.209773535621683e-16
37.89970042049814	1.1898603222480526e-22
38.231180669497	2.1945558442116847e-14
38.5655601275729	5.5729190357328e-14
38.902864151932796	2.458502848793186e-19
39.243118321564076	8.50569222686459e-16
39.586348439174394	4.769713540190763e-14
39.93258053314831	5.526728581996725e-15
40.28184085952112	5.885125172759255e-15
40.63415590396998	1.3229828704811234e-14
40.98955238382239	1.1450968918364993e-13
41.34805725008229	9.515252800983431e-14
41.70969768947383	7.303472455723073e-14
42.074501126503	1.028129902961088e-13
42.44249522553743	1.2579957843789395e-13
42.81370789290417	8.219277525547785e-17
43.18816727900604	6.695400352045412e-16
43.56590178045623	7.601345488463331e-16
43.94694004223191	1.9136488596134044e-16
44.331310959846284	2.7533656528856095e-14
44.719043681539986	2.120880268998566e-14
45.110167610491416	5.3839072740741334e-14
45.50471240704653	8.386801111163443e-15
45.902707990968125	1.2168405067473685e-13
46.30418454370463	3.82572545557487e-14
46.709172510679025	4.3036284506375375e-16
47.11770260359755	1.7277491146168672e-13
47.5298058027787	1.9272875620520534e-14
47.94551335950257	1.8866520144566152e-14
48.364856798380785	3.658916477547809e-14
48.78786791974708	1.9015038119211617e-14
49.214578802068836	3.3780434353106346e-14
49.64502180437975	4.033666490962946e-15
50.07922956873371	4.616747835887272e-14
50.517235022680154	2.4067012022803336e-16
50.959071381761106	2.4018984111031644e-14
51.404772152030006	3.909692873109326e-14
51.85437113259262	4.3241947906454946e-14
52.307902418170116	6.743954299685978e-14
52.76540040168466	4.945722593885636e-14
53.22689977686744	9.128724686042897e-15
53.69243554088975	9.024261392126935e-15
54.16204299701684	3.26977065164931e-14
54.63575775728516	4.311069638815751e-14
55.11361574520295	2.756049941318888e-15
55.59565319847438	8.655153471538073e-15
56.08190667174768	2.1026592725377335e-15
56.57241303938711	1.6339879979250005e-13
57.067209498269406	4.805239528660888e-16
57.566333570604414	2.3462741038997664e-15
58.06982310678066	5.750121750119784e-14
58.57771628823558	4.391604681842628e-16
59.09005163035101	1.1074816506869372e-14
59.60686798537398	1.446025893973732e-14
60.1282045453629	6.799887710875716e-14
60.6541008451598	1.4136882355336707e-14
61.18459676538827	8.907238678716494e-14
61.71973253547779	6.908828024833712e-14
62.25954873671451	5.6228424300211104e-18
62.80408630531863	6.538940261267987e-14
63.35338653554874	9.625284339887378e-14
63.90749108283341	1.1323463322260035e-13
64.46644196692992	2.2339762149031568e-13
65.03028157511083	7.644849123558082e-16
65.59905266537847	1.7742417560759206e-13
66.17279836970725	6.009198994333506e-14
66.75156219731466	1.890866610913364e-13
67.33538803796064	6.046882594645173e-14
67.92432016527597	2.7177144955055425e-16
68.51840324011965	1.8727408068331853e-13
69.11768231396569	2.224730422332502e-13
69.7222028323196	3.307966753410736e-15
70.33201063816458	1.8397035260805285e-14
70.94715197543803	1.539228222982762e-14
71.56767349253842	3.150322566432655e-14
72.19362224586274	1.713338707420186e-15
72.82504570337493	5.437313843580481e-17
73.46199174820572	4.830971967355836e-14
74.10450868228355	5.5157558233831057e-14
74.75264522999768	2.048198878490957e-13
75.40645054189301	9.014597819164806e-14
76.06597419839733	2.3233864742403166e-15
76.73126621358139	6.147174370242142e-16
77.40237703895139	7.936165169993037e-15
78.07935756727498	2.9418906781062203e-15
78.76225913644076	9.597066171477974e-14
79.45113353335125	4.9248664344375826e-14
80.14603299785024	1.948259994017044e-13
80.8470102266842	2.4174317238917195e-14
81.55411837749851	3.992887995173712e-15
82.26741107286858	1.6504971770428452e-13
82.98694240436632	7.96665990891823e-14
83.71276693666191	2.6932392231128067e-18
84.44493971166202	5.576879840779788e-15
85.1835162526833	5.775734082040313e-15
85.92855256866342	1.418844480824951e-14
86.68010515840807	4.988589022911955e-16
87.43823101487565	3.024164246495661e-16
88.2029876294993	2.6348599129201216e-14
88.97443299654648	7.212144777750401e-15
89.75262561751704	4.952638559473894e-15
90.53762450557966	7.00007150447915e-17
91.32948919004669	1.2915263729029696e-13
92.12827972088903	4.498748535922483e-14
92.93405667328942	1.0483935467896311e-14
93.74688115223631	2.293948406486735e-13
94.56681479715778	2.7226322922454017e-13
95.3939197865955	5.285820181367146e-15
96.22825884292048	1.963666463289164e-13
97.06989523708907	2.7359185312412486e-13
97.91889279344122	4.09525589141957e-16
98.77531589454071	1.647761298826044e-14
99.63922948605692	9.747696202014922e-16
100.51069908169069	6.5039265224387885e-15
101.38979076814182	1.613268798794609e-14
102.27657121012093	1.43590656143444e-14
103.17110765540492	3.683320192101788e-14
104.07346793993645	4.260410102926703e-15
104.9837204929684	2.282247976096927e-13
105.90193434225291	2.0556610075437476e-15
106.82817911927613	6.822939994536185e-16
107.76252506453852	3.4363243973983646e-14
108.70504303288155	3.028347688101846e-14
109.65580449886096	2.1178275529020193e-13
110.61488156216647	2.0545404894482242e-13
111.58234695309012	1.5350379008288e-15
112.55827403804096	1.9208492648478227e-16
113.54273682510906	6.412859813563134e-16
114.5358099696779	1.9366768077094989e-13
115.53756878008525	6.968446752406746e-15
116.54808922333474	6.818561916739586e-16
117.56744793085628	6.797281561953111e-15
118.5957222043173	4.194909262855903e-15
119.63299002148524	2.7080204479371847e-14
120.67933004214011	1.4407929731933994e-14
121.73482161404046	7.232037071608111e-16
122.79954477893992	3.233359193381255e-15
123.87358027865724	1.9358123469065601e-13
124.95700956119963	1.0088454858873648e-13
126.04991478693842	6.132834869097277e-16
127.15237883484052	1.7640008748438542e-15
128.26448530875274	1.7303295882204027e-13
129.38631854374205	1.177844341784565e-14
130.51796361249123	5.254455777580129e-14
131.65950633174953	4.840892573292195e-14
132.81103326884138	8.697701756932112e-17
133.9726317482304	8.865623557891354e-15
135.14438985814195	8.060377895826887e-14
136.32639645724285	2.3779062057528877e-17
137.51874118138002	7.54140286236087e-14
138.7215144503782	2.3221554363407854e-13
139.93480747489613	1.0272694487699208e-15
141.15871226334397	3.5133856554911255e-15
142.39332162886032	3.261686702987788e-15
143.6387291963507	7.060643156655621e-14
144.89502940958758	4.611819845901521e-14
146.1623175383721	1.6769783380344402e-13
147.44068968575894	7.796274101903209e-17
148.73024279534408	4.222029120321061e-14
150.03107465861638	7.379518889190714e-14
151.34328392237376	3.6680862111163785e-15
152.6669700962032	5.786499432160568e-15
154.00223356002783	1.1862682445077835e-15
155.34917557171846	1.1171339740417223e-16
156.7078982747725	2.1112764679328023e-13
158.07850470606022	4.726623611548198e-16
159.46109880363753	1.873649863641014e-15
160.8557854146291	1.676368119339156e-17
162.26267030317854	8.25319020739712e-14
163.68186015846888	2.187573843356941e-15
165.11346260281385	1.3112042289409926e-14
166.55758619981836	9.454000552123176e-14
168.01434046261204	7.363884295013518e-14
169.4838358621536	7.65333165401228e-15
170.96618383560826	2.0683209390300255e-13
172.46149679479896	3.558237260776316e-15
173.96988813472979	1.0691825622661002e-14
175.49147224218657	1.23243124311996e-13
177.02636450441022	1.2577878389927484e-13
178.57468131784728	1.2729757212678386e-13
180.13654009697674	3.9365901708221014e-15
181.71205928321388	1.4335737993379177e-13
183.3013583538925	1.2068882412939641e-14
184.90455783132464	9.705352427345202e-17
186.52177929194073	7.766368155248098e-14
188.1531453755091	8.94309278537826e-15
189.79877979443597	3.280816669315413e-14
191.45880734314747	7.682796367302738e-16
193.13335390755265	1.4479053180408483e-15
194.82254647459033	1.0668742647471285e-13
196.52651314185877	7.257408627486924e-14
198.2453831273298	1.1215861001834066e-14
199.97928677914808	7.150199984690394e-14
201.72835558551557	5.345101486143026e-14
203.4927221846629	1.0776057569177623e-13
205.27252037490783	2.0532097211852776e-13
207.06788512480153	2.6695988415729425e-15
208.87895258336425	1.1827285862560556e-13
210.70586009040886	2.9241173145858634e-13
212.54874618695732	9.88415665778568e-14
214.40775062574548	2.7090512478521467e-13
216.2830143818216	5.661936033498556e-14
218.17467966323733	1.846486908817819e-14
220.08288992183077	4.078882218781933e-14
222.0077898641063	1.7962669426383932e-14
223.94952546220713	1.8717566379153662e-13
225.90824396498547	2.132373399966876e-14
227.88409390916897	2.7673948984797703e-14
229.87722513062397	5.576950641202265e-14
231.8877887757195	6.105018632127812e-16
233.91593731278806	4.01122431715601e-15
235.96182454368835	2.018796424575669e-13
238.02560561546866	4.551311721076655e-17
240.10743703213183	2.7733720892195633e-14
242.20747666650428	2.969860587216396e-14
244.32588377220728	5.8079796991015744e-15
246.4628189957341	3.286010595402667e-13
248.61844438863247	1.3069945114395113e-13
250.79292341979323	1.340662861693687e-15
252.9864209878474	2.904242635548191e-15
255.19910343367027	1.6197816505919825e-14
257.43113855299606	2.9153451544889e-14
259.68269560914246	1.250856755662479e-13
261.95394534584625	2.546558395952128e-16
264.245060000212	2.9073491935197117e-16
266.5562133157726	1.9609240365814447e-14
268.88758055566547	4.5450874783815514e-14
271.2393385159233	1.2982348270727177e-14
273.61166553888074	2.9750319671041387e-15
276.00474152669955	6.334160742190866e-15
278.4187479550103	3.683412193645925e-14
280.85386788667506	9.066318707040346e-18
283.3102859856692	3.13793999525103e-14
285.7881885310854	1.412027352948524e-14
288.28776343126003	5.2680593784869487e-17
290.8092002380226	1.664504746584522e-14
293.35269016107014	2.486949528505995e-14
295.91842608246765	8.981295595816904e-15
298.50660257127464	6.887555030891174e-14
301.11741589830075	1.2458884493069822e-15
303.7510640509883	2.627436441736045e-13
306.4077467484281	1.6370531952002972e-14
309.08766545650354	1.0519135186756548e-17
311.7910234031691	8.450493748248156e-14
314.5180255938617	1.0647692777522657e-13
317.2688788270469	8.998746837255803e-16
320.0437917099017	1.3171415092125068e-14
322.8429746741332	3.5974828009943405e-13
325.666639991937	1.0627181493355624e-14
328.51500179209415	1.268174332607313e-13
331.38827607620965	5.1636262682427204e-14
334.2866807350927	2.773734038057581e-15
337.2104355652797	1.1454844708931047e-13
340.1597622857024	1.35396252693515e-14
343.134884554502	5.35755717571183e-14
346.13602798598936	1.4032725828046734e-14
349.1634201677548	2.0036059613380284e-13
352.2172906779265	2.3126842927708027e-13
355.2978711025801	4.246882433889086e-18
358.40539505330105	9.817792267972982e-15
361.5400981849	7.177415529132123e-15
364.70221821328374	7.492808825849114e-15
367.8919949334815	2.022466889591981e-13
371.10967023782985	1.3368064870565669e-15
374.3554881343161	1.6463114629502755e-13
377.62969476508226	4.469875032578582e-16
380.9325384250915	5.932864780620953e-15
384.26426958095635	5.134594652378603e-16
387.6251408899328	8.566573965730082e-15
391.01540721908094	8.399133029623192e-14
394.43532566459106	3.43392777234404e-13
397.88515557128136	4.307934156960577e-13
401.3651585522649	9.149212014294356e-17
404.875598508788	7.53153434627703e-14
408.41674165024324	2.928996962397534e-13
411.9888565143571	7.045341758241098e-15
415.59221398755426	1.9643873900414785e-14
419.22708732549927	1.7814857829862711e-13
422.89375217381985	3.027556387413586e-13
426.5924865890087	5.2069843491513446e-14
430.3235710595098	3.0980346540623524e-14
434.0872885269897	2.720701145421159e-13
437.88392440779296	6.995792883464942e-14
441.7137666145875	2.2309898082834782e-14
445.57710557819667	2.6436238118350895e-13
449.47423426962473	2.7646906427131807e-13
453.4054482222734	1.0491929690532305e-13
457.37104555435315	3.580315482195412e-14
461.37132699149157	1.8160312630941382e-13
465.40659588953696	1.0299507832432455e-14
469.47715825756393	2.5288909457588337e-13
473.5833227810788	9.576050379584936e-15
477.72540084542845	4.1817931433154384e-14
481.90370655941445	4.425465929303766e-13
486.11855677911143	3.630614801706201e-16
490.370271131897	1.8343206581971285e-13
494.6591720406895	3.562503019239778e-15
498.98558474839854	4.049772917568516e-14
503.34983734259004	2.0463644096830712e-14
507.7522607803652	4.855790744739773e-13
512.1931889134587	3.1097386301192397e-13
516.6729585135563	6.604057789862723e-14
521.1919092978327	7.071685514888433e-15
525.7503839547137	1.7346730711453488e-16
530.3487281698648	4.2497270335228474e-13
534.9872906524033	4.684492749414623e-13
539.6664231613445	7.118780616246228e-14
544.3864805322754	5.980681047314225e-17
549.147820704264	7.533398128289496e-16
553.9508047470022	7.662320140329763e-14
558.7957968881897	3.417770021612222e-14
563.683164541149	4.195483769358706e-14
568.6132783326956	6.303979745630372e-14
573.5865121312356	7.279822736458832e-18
578.603243075125	3.2419725644874564e-16
583.663851601264	4.2367721439643487e-13
588.7687214739498	5.761682308156999e-14
593.9182398139778	1.906422245459493e-14
599.1127971279988	5.031119695771132e-13
604.3527873381314	5.556955136868634e-14
609.6386078118381	2.209467150226425e-14
614.9706593920523	4.0336284238386346e-14
620.3493464275847	1.6563841526756357e-14
625.7750768037766	1.1176071308858142e-13
631.248261973441	1.4556460326362805e-13
636.7693169880575	6.75160189562917e-16
642.3386605292501	4.4210019537405753e-14
647.9567149405369	1.7143156049664482e-13
653.623906259358	4.767943034439895e-15
659.340664249383	2.8454362890129593e-15
665.107422433104	7.231594745540623e-15
670.924618124705	1.2777184638817519e-14
676.7926924632341	1.0678933269758893e-13
682.7120904460467	3.0432946175309265e-17
688.6832609625611	1.540738028768916e-14
694.70665682829	1.8325037256614097e-13
700.7827348191877	1.1197613110249204e-14
706.9119557062828	3.211721818219023e-13
713.0947842906231	1.0381767788248487e-14
719.3316894385223	1.4596226344876042e-15
725.6231441171162	1.1302082160494629e-14
731.9696254302287	9.056291197488397e-14
738.3716146545553	2.146884066210107e-13
744.8295972761535	9.645551587417984e-15
751.3440630272681	5.194963794765087e-15
757.9155059234597	1.4841482198416126e-13
764.5444243010763	4.677665232963686e-13
771.231320855038	1.437279788376469e-14
777.9767026769607	1.7785494554230586e-14
784.7810812936104	1.2922459891558917e-13
791.6449727056942	1.489335841132604e-13
798.5688974269888	3.030790062986376e-13
805.5533805238176	2.9869206422850215e-14
812.598951654863	3.805174618001431e-17
819.7061451113337	1.5238322435840415e-13
826.8754998574839	9.235025767599537e-14
834.1075595714856	7.433510588470415e-15
841.4028726866532	5.189832378379474e-19
848.7619924330372	1.1700901750215886e-13
856.1854768793761	3.3879502535194236e-13
863.6738889754168	5.355306739439281e-13
871.2277965946053	6.202434186364863e-16
878.8477725771518	8.147093439133514e-14
886.5343947734696	9.564606810776236e-20
894.2882460879939	3.979392447725253e-13
902.1099145233898	3.17783653467789e-13
909.9999932251417	1.6594421469978902e-14
917.9590805265307	7.833428304142654e-18
925.9877799940103	6.88030506877822e-15
934.0867004729782	1.2618992598624168e-13
942.2564561339448	1.1328172574770576e-14
950.4976665191091	4.016856565666489e-15
958.8109565893435	1.8014000322866696e-15
967.1969567715826	1.0414035436084679e-14
975.6563030066304	1.3910222220487563e-13
984.1896367973902	2.61799814017299e-14
992.7976052575116	1.4765625666613991e-13
1001.480861160459	2.451912091982494e-13
1010.2400629890178	1.4483041904858881e-13
1019.0758749852283	6.855529195505834e-14
1027.9889672007575	1.372362538013454e-13
1036.980015547712	3.975912223845035e-16
1046.049701849894	1.7138643131404695e-13
1055.1987138945076	6.078578167911241e-13
1064.4277454843152	1.2161711120298816e-14
1073.737496490251	7.149587969778668e-14
1083.1286729044978	2.4116223394389565e-13
1092.6019868940205	3.1784133738859047e-16
1102.1581568545712	4.969692927680808e-15
1111.797907465177	1.7419320354031408e-13
1121.5219697430846	3.936199494957888e-13
1131.3310810992014	9.765150148175323e-14
1141.2259853940143	8.440383857130046e-16
1151.2074329940006	3.273274062134995e-13
1161.2761808285293	5.386629616666033e-13
1171.4329924472631	2.5684098462590762e-14
1181.678638078063	6.322111257401262e-15
1192.013894685393	8.045889315261257e-16
1202.4395460292412	8.341282456845184e-15
1212.9563827245581	2.6955803940237842e-14
1223.5652023012117	1.6826419526568637e-14
1234.266809264463	9.683857503334733e-14
1245.0620151559779	7.855109882407216e-15
1255.9516386153682	1.9545656866845245e-13
1266.9365054422726	6.055891687034558e-13
1278.0174486589785	4.155586023559252e-15
1289.1953085735977	1.2141603227476683e-13
1300.4709328437846	4.155230771626459e-13
1311.8451765410168	2.4041332348924653e-13
1323.3189022154424	3.871238875874371e-14
1334.8929799612927	9.551184567822044e-15
1346.568287482855	9.438942322272305e-14
1358.3457101610397	1.4651598187839228e-13
1370.22614112052	1.2707076059791665e-13
1382.21048129746	3.2570877743436344e-14
1394.2996395078364	1.1468168375668993e-17
1406.49453251636	1.0398361634999824e-14
1418.7960851059934	2.6580393573666768e-15
1431.2052301480785	2.6284649506954264e-13
1443.7229086730863	1.681085308990289e-14
1456.3500699419783	4.747294748175621e-15
1469.0876715181842	8.132548341245835e-16
1481.9366793402253	1.879443756363006e-16
1494.8980677949623	1.259873879295169e-16
1507.9728197914867	9.54554041727635e-16
1521.1619268356571	1.0207023646341707e-16
1534.4663891052942	2.7192222944464746e-13
1547.887215526021	1.7164941073752879e-16
1561.4254238477736	4.471479846775762e-13
1575.0820407219858	2.5005858479811787e-13
1588.8581017794436	2.723328367598865e-14
1602.754651708816	4.709238432381376e-14
1616.77274433588	2.0521474363923963e-16
1630.9134427034364	1.2000461354286832e-13
1645.177819151925	5.836081763889858e-13
1659.56695540074	6.679865414053794e-15
1674.0819426302692	5.003449839127762e-15
1688.7238815646333	3.281965773589699e-16
1703.4938825551583	2.2141034605940915e-17
1718.3930656645837	7.549217809565047e-14
1733.4225607519993	4.0290348895045986e-14
1748.5835075585217	1.9627456915069062e-14
1763.8770557937291	3.594810899352947e-13
1779.3043652228466	2.654587266957852e-15
1794.866605754696	4.243159863314881e-15
1810.5649575304121	5.648947269119329e-13
1826.400611012946	7.708971477584335e-14
1842.3747670773246	6.8892368359982014e-15
1858.4886371017353	1.970552256250064e-14
1874.7434430593773	5.931682052840738e-13
1891.140417611139	6.836826660256394e-13
1907.6808041990648	4.907029379298246e-13
1924.3658571406488	1.3044921766232635e-14
1941.1968417239696	3.391517936281815e-14
1958.1750343036247	1.7646487042427878e-14
1975.3017223975298	4.2212703468834365e-16
1992.5782047845532	1.552921976259273e-14
2010.0057916030087	2.51617035241817e-14
2027.585804450006	9.006273658334813e-14
2045.3195764816726	1.8233941679454135e-14
2063.2084525142573	4.009999109072933e-13
2081.253789126104	3.1277913579554756e-13
2099.456954760525	3.1967593100456676e-15
2117.8193298295905	2.1723845601743142e-13
2136.3423068187917	1.5193560901335788e-13
2155.0272903926484	1.5205047100849912e-15
2173.875697501226	2.899674105479773e-15
2192.888957487591	6.18449018187928e-16
2212.0685121961997	1.7771723090747444e-13
2231.41581608224	3.0192272126610394e-13
2250.9323363219323	3.9785778172109365e-14
2270.6195529237843	4.4913305981248234e-13
2290.4789588408235	3.3599825670061965e-14
2310.512060083821	3.514140701014329e-14
2330.7203758354995	1.0386948956171059e-13
2351.1054385657267	1.636595154427514e-14
2371.668794147736	1.8681377779435715e-14
2392.4120019753555	5.900824233851619e-14
2413.3366350812607	2.904822277190189e-14
2434.444280256262	1.8383041887433962e-13
2455.736538169645	6.050944177803421e-17
2477.2150234905444	6.592267601786032e-14
2498.8813650103903	5.805945823895724e-14
2520.7372057664334	1.2977682723689884e-15
2542.784203166345	2.440267884748192e-13
2565.024029113889	6.272794939264852e-17
2587.458370135721	3.829696624371952e-14
2610.08892750928	7.638888060216043e-14
2632.917417391801	6.835041516785457e-13
2655.9455709504596	3.8189977071178563e-13
2679.1751344936556	1.592700730980658e-14
2702.607869603437	3.2992105922615215e-17
2726.2455532690815	5.806533152148803e-13
2750.089978021864	2.5329579712288592e-14
2774.1429520709917	2.2897882297575106e-14
2798.4062994407127	1.0600506174534236e-14
2822.881860108651	4.868041646979441e-13
2847.571490145333	6.905456285760568e-15
2872.4770618549423	2.351938634583837e-14
2897.6004639172997	2.923798624948859e-15
2922.9436015311007	1.5472188935255103e-13
2948.5083965583776	2.0042347172509793e-15
2974.296787670245	8.755106914276339e-15
3000.310730493922	4.767579856778411e-13
3026.5521977610397	2.08619014583849e-17
3053.023179457227	5.1276859873670465e-14
3079.7256829730145	2.111903911291455e-14
3106.6617332560913	1.8413566060582065e-13
3133.833372964831	1.719295953190721e-13
3161.242662623209	3.728382523603915e-13
3188.891680777071	4.382041304402562e-15
3216.782524151724	1.9123866024165643e-14
3244.91730781097	5.057143721228266e-13
3273.2981653174857	3.3135722888738986e-15
3301.927248894624	1.9900254253910466e-13
3330.8067295896176	4.812982923478632e-15
3359.9387974382116	1.4966954887148042e-15
3389.325661630767	4.597983009424407e-14
3418.9695506797675	5.232397222046007e-13
3448.87271258882	4.265732255951297e-13
3479.0374150231455	5.731482146435906e-13
3509.465945481515	3.988093517074437e-15
3540.1606114697465	2.7628333647698388e-14
3571.1237406756736	4.704141584576132e-13
3602.3576811456796	4.5281659349893936e-13
3633.864801462742	2.222658386297679e-14
3665.647490926046	3.027174182232889e-13
3697.708159732204	1.5027022135920043e-14
3730.049239157998	1.587622231938156e-13
3762.6731817447676	2.6289798031587577e-13
3795.582461484391	3.673288868576181e-13
3828.7795740068964	1.6213651568261559e-13
3862.2670367697183	1.9820000140430082e-14
3896.047389248599	2.73978616215462e-14
3930.1231931301772	4.873947844491789e-18
3964.49703250624	1.7256580703101824e-14
3999.171514069675	1.1681270077231151e-13
4034.1492673121775	8.24845230827146e-15
4069.432944723621	5.144110394454457e-13
4105.025221993221	2.3656277088147605e-13
4140.928798212439	3.599789687211594e-14
4177.146396079666	5.366329298128348e-13
4213.680762106695	5.55534391926244e-15
4250.534666826988	1.954056038237865e-15
4287.7109050058	8.559309262818166e-15
4325.212295852095	3.561067016648232e-15
4363.041683232333	2.9507265445809985e-14
4401.201935886147	9.211414703147568e-14
4439.695947643896	9.851468904635325e-16
4478.526637646085	9.368920920227335e-15
4517.69695056476	7.828099958246823e-14
4557.209856826801	4.775088655675955e-15
4597.0683528391855	3.048173406420978e-14
4637.275461216211	1.0612134001267184e-14
4677.834231008725	1.3488884944233387e-13
4718.7477379353295	2.6098274922148928e-14
4760.019084615623	4.868014255730114e-14
4801.651400805493	7.655946883055045e-13
4843.647843634468	1.661657179330509e-13
4886.011597845104	5.196294332046131e-13
4928.745876034517	4.947650254860845e-14
4971.853918898001	1.0464008599066687e-14
5015.338995474777	2.985037647456395e-13
5059.2044033959	9.035648385542128e-15
5103.45346913434	8.980645894505878e-13
5148.089548257222	3.654327687778786e-13
5193.116025680293	4.400440942560393e-17
5238.536315924626	1.8885148393737405e-13
5284.353863375558	1.4436457581896297e-13
5330.57214254387	2.3482250364467603e-15
5377.194658329271	6.29628012274606e-14
5424.2249462862255	2.1462567988658704e-14
5471.66657289202	2.815154745580939e-13
5519.523135817246	4.058719658371752e-13
5567.798264198638	7.701591964904737e-14
5616.495618914238	1.2446697306264866e-13
5665.618892861062	3.1956533367786107e-15
5715.1718112351155	1.2697816034462325e-13
5765.158131813914	5.748629318536461e-14
5815.5816452414265	3.6731110470310944e-15
5866.446175315522	4.814053610803193e-13
5917.755579277992	1.1158856784414936e-14
5969.513748107014	2.116421555253694e-13
6021.724606812223	5.007239703458893e-14
6074.392114732399	2.209464189927597e-14
6127.520265835651	6.781420079606139e-15
6181.113089022354	1.2955617824391587e-13
6235.1746484306395	2.136365474982169e-14
6289.709043744628	5.773255659435098e-13
6344.720410505284	3.759928980302277e-14
6400.212920424036	6.782104587142084e-13
6456.190781699172	3.7031190263781747e-14
6512.658239334914	7.254877788162089e-13
6569.619575463348	1.7242196243870913e-13
6627.0791096691855	3.4010164198491943e-13
6685.041199317265	9.76382660854296e-16
6743.510239883053	8.23028198490577e-14
6802.49066528593	1.9548580188148257e-13
6861.986948225459	7.336748190193972e-13
6922.003600520544	2.777475040745307e-15
6982.545173451562	5.6351161666531866e-14
7043.616258105562	1.0396197073200757e-13
7105.221485724365	4.644843445140825e-13
7167.365528055796	2.1868142995180746e-13
7230.05309770795	5.781401631384208e-13
7293.288948506574	2.634616309103896e-14
7357.0778758555625	6.80378657492173e-13
7421.424717100601	1.9465187217249366e-13
7486.334351896034	9.027654229996347e-15
7551.81170257486	2.329150359729477e-14
7617.861734522022	9.362538259703817e-14
7684.489456550992	4.0025990142032323e-13
7751.699921283556	6.896503566183072e-14
7819.498225532994	6.553128158604561e-14
7887.889510690592	7.217240670636166e-13
7956.878963115525	5.1732423575544697e-14
8026.471814528167	1.706331179458835e-13
8096.67334240681	2.7728926387645015e-13
8167.488870387919	5.631561658196126e-13
8238.923768669794	5.582903294963372e-13
8310.983454419815	9.628916732617877e-13
8383.673392185297	8.226410527092151e-13
8456.99909430783	4.83663313035637e-14
8530.966121341324	4.374192042974114e-13
8605.580082473682	1.8006694269203024e-14
8680.846635952166	7.657091663958456e-15
8756.771489512486	3.769392550981092e-14
8833.360400811624	6.215363914666757e-17
8910.61917786449	1.0288387063405324e-13
8988.553679484332	4.171147953949852e-13
9067.169815727022	3.1292601504159967e-14
9146.47354833928	7.43092569573504e-14
9226.47089121076	8.042834890379788e-15
9307.167910830087	2.664728488733029e-15
9388.570726744885	1.2940744182731236e-13
9470.68551202592	8.682133540791203e-13
9553.518493735146	3.023886294702308e-14
9637.07595339795	1.2414597575586123e-14
9721.364227479555	6.383877264068057e-13
9806.389707865426	5.091813796791798e-14
9892.158842346103	5.7652185884539e-14
9978.678135106089	2.8567801959747625e-17
10065.954147217135	5.383155968108729e-14
10153.99349713575	4.902057157651839e-13
10242.802861205093	1.135881517228398e-16
10332.388974161335	4.881579988487923e-14
10422.758629644302	4.112211378897598e-14
10513.918680712686	5.724012730694605e-15
10605.876040363786	3.514602668677837e-15
10698.637682057648	6.485440456669062e-15
10792.210640245965	1.0623525905522774e-18
10886.602010905497	3.212929092847651e-13
10981.818952076213	1.38062605006778e-13
11077.868684404075	3.732752692878189e-14
11174.75849168858	9.244924316427987e-13
11272.495721435222	1.2616494395796029e-14
11371.087785412565	7.651438973555584e-14
11470.542160214362	5.890633725018389e-13
11570.866387826558	4.062641687103412e-14
11672.068076199135	6.185000577697061e-14
11774.154899823141	7.326459060011328e-14
11877.134600312627	1.8769995300839946e-13
11981.014986991757	7.762586719068151e-15
12085.803937486982	8.158504267726126e-14
12191.509398324411	2.3441037782062684e-13
12298.139385532508	2.7779266960840193e-13
12405.701985249898	5.2112587805459037e-14
12514.205354338581	4.963921735240032e-13
12623.657721002563	1.1307923597839265e-14
12734.067385411707	7.612717011013159e-13
12845.44272033128	6.3139359162844534e-15
12957.792171756826	4.164662068525305e-15
13071.12425955471	1.2029542195769111e-14
13185.447578108153	6.021575967012574e-13
13300.770796968964	3.363232597145498e-13
13417.102661515084	1.6494932512765096e-13
13534.451993613678	4.475264279972421e-13
13652.827692290171	7.066639420964978e-13
13772.238734403081	2.209623082494384e-17
13892.694175324787	3.560084141239282e-14
14014.203149628209	8.959118226596776e-14
14136.77487177951	2.2360097445037747e-13
14260.41863683692	6.301133311044625e-13
14385.14382115554	5.87145315312956e-13
14510.959883098381	8.081523245487281e-14
14637.876363753734	7.367446838815183e-13
14765.902887658585	8.357587549346485e-15
14895.049163528533	2.4423370102062655e-13
15025.324984994031	6.948624152283398e-15
15156.740231343072	3.2592731181456506e-13
15289.304868270367	1.0039030250536324e-12
15423.028948633073	3.399981935900346e-15
15557.922613213203	2.917295123226079e-13
15693.996091486493	5.36871955956322e-13
15831.259702398278	6.99697120961072e-14
15969.723855145994	3.8764282005544097e-13
16109.399049968477	1.1311515262219775e-13
16250.2958789423	3.772376615709607e-13
16392.425026784927	2.4070336635949882e-14
16535.797271665127	5.004738999214621e-14
16680.42348602015	1.999989210259599e-13
16826.314637380317	3.8314286291206293e-13
16973.481789200752	9.658002960292818e-16
17121.93610170025	1.7798949837178702e-13
17271.688832707707	7.629395910289543e-13
17422.75133851579	7.418069842013323e-14
17575.135074742182	1.0764344089975934e-14
17728.85159719822	2.764026853786634e-14
17883.91256276522	9.323881178873505e-13
18040.32973027858	1.0986876028401098e-12
18198.11496141935	4.0697827822727675e-14
18357.280221613808	1.053264407029425e-14
18517.837580940897	1.897856353900937e-14
18679.799215047395	7.690001029163693e-13
18843.177406071398	4.684774271391038e-13
19007.984543573606	8.589936409181981e-13
19174.233125476974	6.326237967419897e-14
19341.93575901437	1.9409254886096227e-14
19511.105161684623	2.895056768359008e-14
19681.754162217097	8.971800698772858e-14
19853.895701544345	2.348535575665889e-13
20027.54283378355	4.4654183346236526e-13
20202.70872722655	6.527704348594626e-13
20379.406665338232	3.0933874376642896e-13
20557.650047764066	8.238605749632046e-14
20737.452391346123	1.0737099099900186e-12
20918.82733114822	1.1332687069943445e-13
21101.788621489803	4.256704543860363e-15
21286.350136988982	1.5792948612379923e-13
21472.52587361485	6.056864519748793e-13
21660.329949748673	2.0522638322869477e-13
21849.776607254604	9.458033156287145e-14
22040.88021255977	8.258468716753858e-15
22233.65525774355	6.049704215213476e-15
22428.11636163675	4.905518727087182e-13
22624.278270930074	8.00898455032824e-13
22822.155861292536	1.128053900494994e-12
23021.76413849942	2.60170815637541e-13
23223.118239570216	1.8951530092408998e-16
23426.233433916696	3.3999814378330965e-14
23631.125124500617	1.3553171965122056e-13
23837.808849001914	1.2957970889174156e-15
24046.300280997017	1.2037579738398032e-12
24256.615231147258	2.1410415110660333e-14
24468.769648398047	4.3483574929961815e-13
24682.7796211882	8.984727767275916e-15
24898.66137867012	9.330068202965424e-15
25116.431291940382	9.256530980696758e-14
25336.10587528118	1.1306162742880878e-14
25557.701787412916	3.1447346057333556e-15
25781.235832757193	2.2314858783123114e-14
26006.72496271131	4.683727495905053e-14
26234.1862769338	2.6395704294330495e-15
26463.637024640953	2.4167491735191044e-14
26695.094605915107	2.7607119238573348e-14
26928.576573024002	6.481223869088265e-13
27164.100631752022	7.894570270050634e-14
27401.6846427426	1.2664266138831495e-14
27641.346622852892	7.136250026185125e-13
27883.104746520054	8.612071739557338e-13
28126.97734713931	2.8215746703697554e-15
28372.982918454414	4.8527224354905975e-14
28621.14011595991	1.911198048242393e-14
28871.467758316106	9.97952192732183e-13
29123.984828775934	1.9432307274395585e-14
29378.71047662457	9.312120091987244e-16
29635.664018631745	2.2454156257931305e-13
29894.864940516327	5.688707124649033e-14
30156.332898424243	3.963555685979978e-14
30420.08772041898	1.0682937036798536e-13
30686.149407985133	6.286649868791197e-13
30954.53813754553	1.8014213036980053e-14
31225.27426199069	2.170794903053628e-13
31498.378312222816	8.247102301777118e-13
31773.870998712406	1.6642679358744445e-15
32051.77321306907	4.112441103769693e-13
32332.10602962556	2.5597330019506216e-13
32614.890707035807	4.4012973322437997e-13
32900.1486898876	3.69215004391417e-14
33187.901610328234	4.867805444482005e-13
33478.171289705206	1.9267875992362722e-14
33770.97974022098	2.6657457993982514e-13
34066.349166602224	9.90342376540502e-13
34364.30196778374	6.957552398320716e-14
34664.86073860694	3.087017072925943e-13
34968.048271533444	1.1816758336859434e-12
35273.88755837337	1.5132929712737255e-13
35582.401792028984	1.3443578772602622e-13
35893.61436825346	1.0389078894026881e-12
36207.54888742508	1.9426538416444285e-13
36524.22915633687	2.2430772379128102e-14
36843.679190002265	9.356943908987399e-13
37165.92321347561	4.906601145065939e-14
37490.98566368992	2.891484794238989e-13
37818.891191309565	1.2349089135275064e-17
38149.66466260001	2.9488484826785712e-16
38483.33116131314	1.1070454921022853e-12
38819.915990589405	1.236864117928712e-12
39159.44467487725	4.845289921417149e-14
39501.94296186806	1.68508172849179e-13
39847.436824449	6.746722327128649e-14
40195.95246267264	9.798891654343118e-13
40547.516305743724	7.6555910818762e-14
40902.15501402343	7.314107189618909e-14
41259.89548105112	2.5968882713762853e-13
41620.76483558376	8.932406562286132e-14
41984.79044365322	1.2796313961948434e-14
42351.999910641505	3.4912350263536467e-15
42722.42108337421	1.0792895021901834e-13
43096.0820522322	3.638049459889863e-15
43473.01115328177	4.461868049374459e-14
43853.23697042382	3.936127686176678e-14
44236.78833756075	5.175984764898761e-13
44623.69434078376	4.725051722375463e-16
45013.98432057813	1.8039614133828152e-14
45407.687874048584	1.8793689318588595e-14
45804.834857163376	3.484594359471483e-15
46205.45538701824	6.194841283122471e-13
46609.5798441211	9.56095218916535e-13
47017.238874694995	5.298025726268108e-14
47428.463393002705	3.110381851808934e-14
47843.28458369052	1.7549645474754977e-13
48261.733904153945	1.3397009796102677e-12
48683.843086922396	5.420815253046875e-14
49109.644142066	6.128304820147577e-14
49539.16935962294	3.5222105921498e-14
49972.45131204816	1.6360460578618106e-15
50409.52285668343	3.199982416076987e-14
50850.417138249024	1.6879113686676427e-13
51295.16759135725	1.2226345635080656e-13
51743.80794304787	8.835137733546931e-15
52196.37221534576	3.227924798628982e-14
52652.89472784091	1.8576175022557288e-13
53113.41010029108	9.579311986655581e-17
53577.95325524692	2.48660127862692e-13
54046.55942070084	9.75915563388241e-13
54519.26413275751	3.352917089519439e-14
54996.10323832952	5.624652078089241e-16
55477.1128978557	1.1775480402731793e-14
55962.329588042856	6.270177584443456e-13
56451.79010463237	2.5096432576589927e-13
56945.53156518993	4.748175468278745e-13
57443.591411921385	7.062663441145936e-15
57946.00741451105	1.5724427507943644e-13
58452.81767298642	5.115552869075861e-13
58964.06062060737	6.905742386434642e-13
59479.775026780655	7.81333871721722e-14
60000.	8.393270839982293e-13