10000.	1.4985218499362438e-11
10472.898382363584	1.2253070535401362e-11
10968.160052731379	1.263980792954863e-11
11486.842567375537	6.028933579257896e-13
12030.053494233243	7.159853514118707e-12
12598.952777950273	1.0097588080977665e-11
13194.755216767062	6.412113384143838e-12
13818.733056536323	1.7341588686118256e-12
14472.218707411348	6.999709508178077e-12
15156.607589006033	1.5149915501519192e-12
15873.36111010209	8.28802500259177e-14
16624.009789266125	2.5175293199276474e-12
17410.15652304016	6.527773753916852e-13
18233.48000868441	1.6552137699544916e-12
19095.73832878097	3.1500582647424376e-12
19998.772705352858	3.3809350742306375e-12
20944.511431514697	3.953514706099353e-12
21934.97398905059	4.326624614389982e-12
22972.275360711526	3.792268225927797e-12
24058.630546440658	3.8448791604082606e-12
25196.35929317015	2.1782610388936162e-12
26387.891048289337	1.911290187942929e-13
27635.770147361596	3.145549837759335e-12
28942.661247167507	2.4704775968646276e-12
30311.355015675785	1.3241132627316206e-12
31744.774091091924	2.5651205858264935e-12
33245.979322709405	8.692003352235259e-13
34818.17630688965	6.2683440956034e-13
36464.722232127475	6.746636178975017e-14
38189.133047818534	5.321181317396206e-14
39995.09097203665	6.732064585731711e-14
41886.4523543527	1.7060569843775854e-12
43867.255910484986	1.509908374405531e-12
45941.73134636476	1.8011404730998714e-12
48114.308390032595	1.4062277628441018e-12
50389.626250651505	2.3270113975413468e-14
52772.54352483538	1.2003456899748616e-12
55268.14857144603	3.024306833454668e-14
57881.77037701275	7.740090079059969e-13
60618.989934975725	1.8287286296257725e-12
63485.65216305217	1.3503102527747881e-12
66487.87838417263	3.002194700101299e-13
69632.07939763884	1.2388360599153045e-12
72924.96916841445	1.5842173535426053e-12
76373.57916378023	3.052004786942638e-13
79985.27336796712	8.526378981280372e-13
83767.76400682918	1.7835374096298164e-12
87729.12801613362	8.214588218132157e-13
91877.82428863335	1.727959130244843e-12
96222.71173675139	5.895137566626747e-13
100773.06820944611	1.3741260823359208e-12
105538.61030365237	2.6355661051163103e-13
110529.51411260215	3.741448251830882e-14
115756.43695533038	1.2951504587486554e-12
121230.54013376519	1.5001434489059956e-12
126963.51276599735	9.91948494755697e-13
132967.5967466212	1.7024448057402038e-12
139255.6128874463	1.5203930081303314e-13
145840.9882943986	9.551383568247542e-13
152737.7850390714	1.1175911873375068e-12
159960.73018614875	1.6664210334103818e-12
167525.2472408215	5.8354787686307e-13
175447.4890833459	5.025563317965218e-13
183744.37246107266	2.706842049107622e-13
192433.61411159797	1.015854694842002e-12
201533.76859417325	8.858162462462121e-14
211064.2679101554	1.1330464197385479e-14
221045.46299710215	7.43110867760224e-13
231498.66718511604	1.6933847893397336e-12
242446.20170823287	5.0483600327562474e-14
253911.4433680347	8.284295745971358e-13
265918.87445126945	4.2546783795362247e-14
278494.1350080645	6.129090239262342e-13
291664.0776023704	1.6879940570332933e-12
305456.82465154317	5.4661005660666294e-14
319901.82847750647	1.5317189495963367e-12
335029.93419772305	1.6907371313560488e-12
350873.44559027115	9.757417499570289e-13
367466.1940736688	1.40387803945201e-12
384843.610948743	1.3359578584497322e-14
403042.80305680516	2.78712206184523e-14
422102.6320156899	3.2451251049735255e-13
442063.79720285296	2.8460574370891264e-13
462968.9226627264	1.2465124481791462e-12
484862.64812390786	1.4023098788303869e-12
507791.72432053986	1.5070008455533723e-12
531805.1128214196	1.2791162274391752e-12
556954.0905800131	9.364924279185167e-13
583292.3594286207	7.897722886194681e-14
610876.1607505039	9.196587781235419e-17
639764.3955748429	1.3500101955967186e-12
670018.7503509588	8.313843167747806e-13
701703.8286703827	7.650388421867451e-13
734887.2892180384	1.6406905910603508e-12
769639.990247116	4.2530605009749793e-13
806036.1408861346	3.1969449798925146e-13
844153.4596012984	1.4513131446561941e-12
884073.3401525061	1.493292661863413e-12
925881.0253973952	7.828762626693256e-14
969665.7893145516	5.921911197946512e-13
1.0155211276345677e6	1.5589156642644793e-12
1.0635449574860116e6	6.671656240279589e-14
1.1138398264826196e6	1.1448291640885773e-13
1.166513131698196e6	1.8015176058445616e-12
1.2216773489967918e6	6.802133651245523e-13
1.279450273207873e6	1.699482909159667e-12
1.339955269659338e6	1.7077176301584243e-12
1.403321537605484e6	1.7358944789671014e-12
1.4696843861124453e6	1.7773940987209497e-12
1.5391855229902058e6	1.068484952647432e-12
1.6119733573881572e6	1.7036846498349158e-12
1.6882033167003626e6	1.6972691423994681e-12
1.7680381784572066e6	1.6496611031871032e-12
1.8516484179121554e6	1.7214000028722978e-12
1.93921257206583e6	1.5661097442479891e-12
2.0309176209047358e6	8.790838513954443e-14
2.1269593866686905e6	1.8181501956421167e-12
2.2275429519995567e6	1.6709480751192652e-13
2.3328830978641585e6	7.1793496572086e-13
2.4432047621864886e6	1.5545718897066505e-13
2.5587435201685885e6	1.3550620028340591e-12
2.679746087325691e6	1.2016411763483078e-12
2.8064708463098374e6	1.201038500237791e-13
2.9391883986468855e6	1.6242055894883593e-12
3.0781821425650776e6	1.2192635622252417e-14
3.2237488781490275e6	1.1334614661692568e-12
3.3761994411113397e6	7.346148399655871e-13
3.535859366535179e6	1.2475098814118993e-12
3.70306958400514e6	1.867214007377583e-12
3.878187145610722e6	3.0616419449996254e-13
4.0615859883769774e6	1.359302338864033e-12
4.253657732750385e6	5.278530610774983e-13
4.454812518844985e6	4.003219801695795e-13
4.665479882234473e6	7.629646217745736e-13
4.886109671160325e6	1.921268626722197e-12
5.117173007114603e6	5.916801218082301e-13
5.359163290848512e6	1.3533173908466902e-12
5.612597255954969e6	1.7600582549863094e-12
5.878016072274913e6	1.6147431634326834e-13
6.155986501483508e6	9.947653573331415e-13
6.447102107323869e6	2.3340569566663584e-14
6.751984523072502e6	1.7564004299299415e-15
7.071284778943001e6	1.858155311184221e-12
7.405684692262439e6	1.1527068323038247e-12
7.755898323389006e6	1.5606922023253583e-12
8.122673500479715e6	1.6952584434204046e-12
8.506793416364156e6	1.8246586747642528e-12
8.909078300934136e6	2.9198190681141675e-13
9.33038717262036e6	1.3088251331971299e-12
9.771619672696171e6	1.9483309546908882e-13
1.0233717986325199e7	3.223884467394487e-13
1.0717668854455028e7	9.025233290517737e-13
1.1224505680853063e7	1.9407126757801788e-12
1.1755310738783691e7	2.4077740094975917e-13
1.2311217482038898e7	2.0011094404811325e-12
1.2893412965257145e7	1.7131932481562656e-15
1.3503140378698722e7	5.522893993652232e-13
1.4141701702890223e7	2.0102835840458253e-12
1.4810460488806749e7	1.4864634667073212e-12
1.5510844769528396e7	3.3990493662961546e-14
1.624435010958866e7	5.151281360449116e-14
1.7012542798525877e7	1.948663719053829e-12
1.781706319545729e7	1.2512661386089771e-12
1.8659629231817443e7	1.8763511120422456e-12
1.9542040079740513e7	9.73778198819961e-13
2.046617999391989e7	2.8669774690625544e-13
2.1434022335148558e7	2.041585935080494e-12
2.2447633784132227e7	1.4372379272952693e-12
2.3509178754572853e7	1.4014631536721324e-13
2.4620924014946237e7	1.8186549699775007e-12
2.5785243528842717e7	1.355872328618627e-12
2.7004623524206795e7	1.711166675272093e-12
2.828166780230029e7	1.0245850411021433e-14
2.9619103297725525e7	2.0745786897471737e-12
3.1019785901380952e7	1.988163723769506e-12
3.248670655878376e7	1.5243447135624515e-12
3.402299765678071e7	8.314599071132796e-13
3.563193971228585e7	2.084245357221755e-12
3.731696837732755e7	1.8119092640234925e-14
3.90816817753627e7	9.663255812751296e-14
4.09298481845244e7	2.733387577381509e-13
4.286541408420931e7	1.6985124839478875e-14
4.489251258218604e7	2.0048575682475177e-12
4.701547224022135e7	1.700523177926207e-12
4.923882631706737e7	1.8109146379171467e-12
5.156732244854967e7	1.128505899399525e-12
5.400593278542367e7	2.068015288728666e-12
5.6559864610650055e7	6.37293360795671e-13
5.9234571458758086e7	1.1714598687118799e-12
6.203576476104271e7	5.217583196757924e-13
6.496942604146126e7	2.0004523874782696e-13
6.804181968927096e7	1.652457692278858e-12
7.12595063356841e7	5.019174783519024e-13
7.462935686310129e7	2.951310925304737e-13
7.815856707684088e7	2.6790064950821126e-13
8.185467307069033e7	1.3312668639609105e-12
8.572556731909321e7	1.1222535130820508e-12
8.977951553033325e7	1.5763191064396855e-12
9.402517429670124e7	2.0467337835186176e-12
9.847160957933775e7	2.0270684558328884e-12
1.0312831606721836e8	1.8393650566248936e-12
1.0800523745162527e8	2.1810061199430075e-13
1.131127876593922e8	4.297626353039993e-13
1.1846187309026831e8	3.351471843628864e-13
1.2406391590588322e8	4.0249506790505993e-13
1.299308784200415e8	1.9846313204550242e-13
1.3607528864243335e8	1.0558318089934717e-12
1.4251026703029966e8	1.7302836403658493e-20
1.492495545051829e8	4.268087148944791e-15
1.5630754179458138e8	4.2765583562737233e-13
1.6369930016117013e8	7.011762823607199e-13
1.714406135851971e8	1.2673853141601687e-12
1.7954801246878293e8	1.8781485646117634e-12
1.880388089340915e8	1.202991837193271e-12
1.96931133790742e8	2.1171739711140915e-12
2.0624397525140902e8	2.156830331403067e-12
2.1599721947827148e8	2.254201599768461e-12
2.2621169304690233e8	2.248286713755584e-12
2.3690920741826332e8	1.1645329170829766e-15
2.4811260551377666e8	8.323403599978847e-16
2.5984581049292478e8	2.0387741065405774e-12
2.721338768375304e8	2.281330729654969e-12
2.850030438518105e8	1.180542158193253e-13
2.9848079169243217e8	1.8915747879628928e-13
3.125959000482277e8	9.862802976913578e-13
3.273785095948575e8	1.6750905480331673e-12
3.428601863556587e8	9.700209860625339e-14
3.590739891061052e8	2.2689170281729985e-12
3.760545399658172e8	2.3099132749760506e-12
3.9383809832884926e8	2.189554005732681e-12
4.1246263829013515e8	4.6391745662501465e-15
4.3196792973341763e8	1.2514313549181888e-12
4.5239562325380516e8	1.7526819598772324e-16
4.737893390963146e8	2.2348174558153415e-12
4.9619476030029e8	4.1619573255208176e-14
5.196597302486198e8	2.082172098729292e-12
5.442343548300271e8	1.1769800391445044e-12
5.699711094326075e8	8.551170259753957e-13
5.969249509970738e8	2.339003966872295e-12
6.25153435368971e8	2.2044391431958895e-12
6.547168402004739e8	1.7445312304992849e-12
6.856782936641734e8	1.780382132695011e-13
7.181039092537351e8	2.3753049914234096e-12
7.520629269592414e8	4.228823752869741e-13
7.876278611187055e8	6.927658374760094e-13
8.248746552614586e8	7.154130405712153e-13
8.638828442740442e8	1.2580506810342889e-12
9.047357242349298e8	2.218327315501612e-12
9.475205302806534e8	6.039644302604348e-14
9.923286228832549e8	7.722993196141756e-13
1.0392556829367112e9	5.828526700599384e-13
1.0884019160690055e9	8.336881206577182e-16
1.1398722666160524e9	2.3775024007309975e-12
1.1937766417144356e9	3.0130095613100715e-13
1.2502301459914556e9	5.522179285011774e-13
1.3093533273536088e9	2.3466113745254675e-12
1.3712724343984e9	3.6732566184751713e-14
1.4361196859990764e9	1.7213998421439406e-12
1.5040335536380236e9	2.3202509394345703e-12
1.5751590570916226e9	1.3756394680643994e-12
1.6496480740980186e9	2.378502049634399e-12
1.7276596646690357e9	7.127592897852953e-16
1.809360410738714e9	1.9032147020190814e-12
1.8949247718738205e9	1.2285113517410288e-14
1.9845354578058e9	2.555556426914743e-13
2.0783838185797555e9	3.446422894828093e-13
2.176670253153459e9	5.496921825421982e-13
2.2796046373189774e9	3.315173662771139e-13
2.3874067718606462e9	2.200770620974377e-12
2.5003068519063206e9	1.308088685898426e-12
2.6185459584742312e9	1.818958145069925e-12
2.742376573264945e9	1.4234290585263977e-13
2.872063117797826e9	1.1408879246596128e-12
3.0078825180430937e9	2.455008946612517e-12
3.150124795755325e9	1.5520794265243994e-12
3.2990936877709384e9	1.7638844822087847e-13
3.45510729459222e9	2.0926262005259787e-14
3.6184987596427517e9	1.7965476336389354e-14
3.789616980644717e9	1.419876530372214e-12
3.968827354637166e9	2.5215834796682098e-12
4.1565125582259884e9	1.9784016776433416e-12
4.353073364731892e9	2.6441004317905727e-13
4.558929499981059e9	1.9652026796018898e-12
4.77452053856613e9	2.256631217284626e-12
5.000306842491097e9	1.8998265591567145e-12
5.236770544204652e9	5.120704173437441e-13
5.484416576121021e9	7.018045779810233e-13
5.743773748826583e9	1.020286248277745e-14
6.0153958802748375e9	2.583347091504311e-12
6.299862978380687e9	1.515454363894392e-12
6.597782479539538e9	2.5705723236947677e-12
6.909790545715636e9	2.5692482480986333e-12
7.236553422869654e9	1.0047698192122945e-12
7.578768863625932e9	2.1111308526434223e-12
7.937167617217545e9	2.473746660022283e-12
8.312514989890632e9	7.741844367431011e-13
8.705612479099855e9	2.3801262596429276e-12
9.117299484984919e9	2.372214753855051e-12
9.548455102782282e9	2.47367024247689e-12
1.e10	1.5853220077420653e-12